0 0.03214285714285714 0.994447015270708 0.036904761904761905 0.005738084220268394
0 0.5 0.9938917167977788 0.375 0.0068486811661267934
0 0.5199404761904762 0.9873438223044887 0.034523809523809526 0.0009717723276260991
0 0.13020833333333334 0.9873438223044887 0.021726190476190475 0.0009717723276260991
0 0.7044642857142858 0.9873206848681166 0.03511904761904762 0.001018047200370199
0 0.6595238095238095 0.9873206848681166 0.025595238095238095 0.001018047200370199
0 0.6171130952380952 0.9873206848681166 0.03005952380952381 0.001018047200370199
0 0.5696428571428571 0.9874595094863489 0.034523809523809526 0.0012956964368347986
0 0.19449404761904762 0.9874595094863489 0.021130952380952382 0.0012956964368347986
0 0.16875 0.9874595094863489 0.025595238095238095 0.0012956964368347986
0 0.10758928571428572 0.9874595094863489 0.018154761904761906 0.0012956964368347986
0 0.07336309523809524 0.9874595094863489 0.021130952380952382 0.0012956964368347986
0 0.04568452380952381 0.9873206848681166 0.02886904761904762 0.001018047200370199
0 0.8595238095238096 0.9858167515039333 0.24642857142857144 0.022998611753817677
0 0.5019345238095239 0.9744331328088848 0.009821428571428571 0.0010643220731142988
0 0.47693452380952384 0.9744562702452568 0.03482142857142857 0.001110596945858399
0 0.18898809523809523 0.9744562702452568 0.029166666666666667 0.001110596945858399
0 0.051041666666666666 0.9744562702452568 0.03898809523809524 0.001110596945858399
0 0.9395833333333333 0.9712633040259139 0.02023809523809524 0.0013882461823229986
0 0.9194940476190476 0.9711244794076817 0.005654761904761905 0.001110596945858399
0 0.7589285714285714 0.9711244794076817 0.017857142857142856 0.001110596945858399
0 0.49315476190476193 0.9711013419713096 0.009523809523809525 0.0010643220731142988
0 0.47232142857142856 0.9711244794076817 0.02619047619047619 0.001110596945858399
0 0.34404761904761905 0.9711244794076817 0.05476190476190476 0.001110596945858399
0 0.18377976190476192 0.9711013419713096 0.01994047619047619 0.0010643220731142988
0 0.896875 0.9711013419713096 0.033035714285714286 0.0011568718186024988
0 0.8635416666666667 0.9711938917167978 0.027678571428571427 0.0013419713095788987
0 0.7967261904761904 0.9711013419713096 0.05178571428571429 0.0011568718186024988
0 0.0556547619047619 0.9711013419713096 0.04880952380952381 0.0011568718186024988
0 0.8360119047619048 0.9712401665895419 0.013095238095238096 0.001989819527996298
0 0.4700892857142857 0.9677926885701065 0.020535714285714286 0.001110596945858399
0 0.19360119047619048 0.9679315131883387 0.03958333333333333 0.0013882461823229986
0 0.3373511904761905 0.9679083757519666 0.040773809523809525 0.0014345210550670985
0 0.05 0.9677695511337344 0.0380952380952381 0.0011568718186024988
0 0.04717261904761905 0.9613373438223045 0.003273809523809524 0.0005090236001850995
0 0.03764880952380952 0.9608514576584914 0.013392857142857142 0.0014807959278111986
0 0.7376488095238095 0.9118695048588616 0.46458333333333335 0.05881536325775104
0 0.2625 0.9118926422952337 0.4642857142857143 0.05886163813049514
0 0.5855654761904762 0.8626099028227673 0.014583333333333334 0.0009254974548819991
0 0.45863095238095236 0.8626099028227673 0.01130952380952381 0.001018047200370199
0 0.5566964285714285 0.8625636279500232 0.009821428571428571 0.0012956964368347986
0 0.6144345238095238 0.8624479407681629 0.03601190476190476 0.0013419713095788987
0 0.5294642857142857 0.8624479407681629 0.02023809523809524 0.0013419713095788987
0 0.3861607142857143 0.8624479407681629 0.035416666666666666 0.0013419713095788987
0 0.5723214285714285 0.8624248033317908 0.009523809523809525 0.0013882461823229986
0 0.5066964285714286 0.8626099028227673 0.022916666666666665 0.0017584451642757982
0 0.47842261904761907 0.8624248033317908 0.025297619047619048 0.0013882461823229986
0 0.42872023809523807 0.8626099028227673 0.04196428571428571 0.0017584451642757982
0 0.7995535714285714 0.8465756594169366 0.03184523809523809 0.0010643220731142988
0 0.7709821428571428 0.8465756594169366 0.019345238095238096 0.0010643220731142988
0 0.5620535714285714 0.8465756594169366 0.03184523809523809 0.0010643220731142988
0 0.5334821428571429 0.8465756594169366 0.019345238095238096 0.0010643220731142988
0 0.32455357142857144 0.8465756594169366 0.03184523809523809 0.0010643220731142988
0 0.29598214285714286 0.8465756594169366 0.019345238095238096 0.0010643220731142988
0 0.08705357142857142 0.8465756594169366 0.03184523809523809 0.0010643220731142988
0 0.05848214285714286 0.8465756594169366 0.019345238095238096 0.0010643220731142988
0 0.9452380952380952 0.8461591855622397 0.013095238095238096 0.0017121702915316984
0 0.7077380952380953 0.8461591855622397 0.013095238095238096 0.0017121702915316984
0 0.47023809523809523 0.8461591855622397 0.013095238095238096 0.0017121702915316984
0 0.23273809523809524 0.8461591855622397 0.013095238095238096 0.0017121702915316984
0 0.765327380952381 0.8387320684868117 0.00744047619047619 0.001110596945858399
0 0.780952380952381 0.8386857936140676 0.017857142857142856 0.0012956964368347986
0 0.8049107142857143 0.8386626561776955 0.02470238095238095 0.0013419713095788987
0 0.5278273809523809 0.8381304951411384 0.00744047619047619 0.001110596945858399
0 0.290327380952381 0.8381304951411384 0.00744047619047619 0.001110596945858399
0 0.05282738095238095 0.8381304951411384 0.00744047619047619 0.001110596945858399
0 0.3209821428571429 0.83792225821379 0.00505952380952381 0.0009717723276260991
0 0.30714285714285716 0.8380148079592781 0.02142857142857143 0.0011568718186024988
0 0.5616071428571429 0.8380610828320222 0.05476190476190476 0.0013419713095788987
0 0.09151785714285714 0.83792225821379 0.025297619047619048 0.0010643220731142988
0 0.06770833333333333 0.83792225821379 0.01636904761904762 0.0010643220731142988
0 0.70625 0.8373900971772328 0.014285714285714285 0.001018047200370199
0 0.46875 0.8373900971772328 0.014285714285714285 0.001018047200370199
0 0.23125 0.8373900971772328 0.014285714285714285 0.001018047200370199
0 0.6861607142857142 0.8378528459046738 0.01994047619047619 0.0023137436372049976
0 0.6632440476190476 0.8371355853771402 0.015178571428571428 0.0008792225821378991
0 0.4480654761904762 0.8378528459046738 0.021130952380952382 0.0023137436372049976
0 0.4245535714285714 0.8371355853771402 0.015178571428571428 0.0008792225821378991
0 0.2105654761904762 0.8378528459046738 0.021130952380952382 0.0023137436372049976
0 0.18705357142857143 0.8371355853771402 0.015178571428571428 0.0008792225821378991
0 0.7910714285714285 0.8298935677926885 0.006547619047619048 0.0015733456732993985
5 0.7811011904761904 0.8296621934289681 0.009821428571428571 0.001110596945858399
0 0.7714285714285715 0.8296621934289681 0.006547619047619048 0.001110596945858399
0 0.2988095238095238 0.8296621934289681 0.025 0.001110596945858399
0 0.13526785714285713 0.8298935677926885 0.006845238095238095 0.0015733456732993985
0 0.12529761904761905 0.8296621934289681 0.01011904761904762 0.001110596945858399
0 0.115625 0.8296621934289681 0.006845238095238095 0.001110596945858399
0 0.09330357142857143 0.8296621934289681 0.01755952380952381 0.001110596945858399
0 0.06428571428571428 0.8296621934289681 0.006547619047619048 0.001110596945858399
0 0.8083333333333333 0.8294770939379916 0.018452380952380953 0.0015733456732993985
0 0.5458333333333333 0.8294770939379916 0.017261904761904763 0.0015733456732993985
0 0.5297619047619048 0.8294539565016196 0.011904761904761904 0.0015270708005552984
0 0.31741071428571427 0.8294770939379916 0.009821428571428571 0.0015733456732993985
0 0.1523809523809524 0.8294770939379916 0.018452380952380953 0.0015733456732993985
0 0.07604166666666666 0.8294539565016196 0.013988095238095239 0.0015270708005552984
5 0.3337797619047619 0.8294539565016196 0.014583333333333334 0.0022674687644608977
0 0.9363095238095238 0.8271170754280426 0.004761904761904762 0.001110596945858399
0 0.9291666666666667 0.8271170754280426 0.006547619047619048 0.001110596945858399
5 0.9194940476190476 0.8271170754280426 0.009821428571428571 0.001110596945858399
0 0.9075892857142858 0.8271170754280426 0.011011904761904763 0.001110596945858399
0 0.8180059523809524 0.8271170754280426 0.005654761904761905 0.001110596945858399
0 0.7019345238095238 0.8271170754280426 0.016964285714285713 0.001110596945858399
0 0.6657738095238095 0.827348449791763 0.006547619047619048 0.0015733456732993985
0 0.6462797619047619 0.8271170754280426 0.00625 0.001110596945858399
4 0.6386904761904761 0.8271170754280426 0.005952380952380952 0.001110596945858399
0 0.5907738095238095 0.8271170754280426 0.004761904761904762 0.001110596945858399
0 0.45029761904761906 0.8271170754280426 0.006547619047619048 0.001110596945858399
0 0.44241071428571427 0.8271170754280426 0.00625 0.001110596945858399
0 0.434375 0.8271170754280426 0.006845238095238095 0.001110596945858399
0 0.4244047619047619 0.8271170754280426 0.004761904761904762 0.001110596945858399
0 0.39538690476190474 0.8271170754280426 0.019345238095238096 0.001110596945858399
0 0.36279761904761904 0.8271170754280426 0.007142857142857143 0.001110596945858399
0 0.22410714285714287 0.827348449791763 0.01369047619047619 0.0015733456732993985
0 0.21294642857142856 0.8271170754280426 0.00625 0.001110596945858399
0 0.2050595238095238 0.8271170754280426 0.006547619047619048 0.001110596945858399
0 0.1662202380952381 0.8271170754280426 0.006845238095238095 0.001110596945858399
4 0.09791666666666667 0.8271170754280426 0.005952380952380952 0.001110596945858399
0 0.0831845238095238 0.8271170754280426 0.020535714285714286 0.001110596945858399
0 0.06011904761904762 0.8271170754280426 0.007142857142857143 0.001110596945858399
0 0.875297619047619 0.827325312355391 0.014285714285714285 0.0016196205460434984
0 0.19360119047619048 0.8271633503007867 0.015178571428571428 0.0019435446552521982
0 0.8980654761904762 0.8269088385006941 0.00625 0.0015270708005552984
5 0.8599702380952381 0.8269088385006941 0.006845238095238095 0.0015270708005552984
0 0.8370535714285714 0.8269319759370661 0.029464285714285714 0.0015733456732993985
0 0.809970238095238 0.8269088385006941 0.00744047619047619 0.0015270708005552984
0 0.7816964285714286 0.8269319759370661 0.014583333333333334 0.0015733456732993985
0 0.6540178571428571 0.8269088385006941 0.006845238095238095 0.0015270708005552984
0 0.6226190476190476 0.8269319759370661 0.017857142857142856 0.0015733456732993985
0 0.5745535714285714 0.8269319759370661 0.02470238095238095 0.0015733456732993985
0 0.5458333333333333 0.8269319759370661 0.011904761904761904 0.0015733456732993985
0 0.531547619047619 0.8269088385006941 0.01369047619047619 0.0015270708005552984
0 0.4148809523809524 0.8269088385006941 0.011904761904761904 0.0015270708005552984
0 0.38169642857142855 0.8269088385006941 0.00625 0.0015270708005552984
0 0.33824404761904764 0.8269319759370661 0.025297619047619048 0.0015733456732993985
0 0.31875 0.8269088385006941 0.01130952380952381 0.0015270708005552984
0 0.30163690476190474 0.8269088385006941 0.00744047619047619 0.0015270708005552984
0 0.29017857142857145 0.8269088385006941 0.007142857142857143 0.0015270708005552984
0 0.17827380952380953 0.8269319759370661 0.008333333333333333 0.0015733456732993985
0 0.12366071428571429 0.8269088385006941 0.013988095238095239 0.0015270708005552984
0 0.06830357142857142 0.8269088385006941 0.00625 0.0015270708005552984
0 0.05223214285714286 0.8269088385006941 0.00625 0.0015270708005552984
0 0.6813988095238095 0.826885701064322 0.021726190476190475 0.0015733456732993985
0 0.14330357142857142 0.8269551133734382 0.022321428571428572 0.0017121702915316984
0 0.7956845238095238 0.8269319759370661 0.010416666666666666 0.0017584451642757982
0 0.7675595238095239 0.8269319759370661 0.010714285714285714 0.0017584451642757982
0 0.8025297619047619 0.8243174456270246 0.03005952380952381 0.0010643220731142988
0 0.7730654761904762 0.8244562702452568 0.022321428571428572 0.0013419713095788987
0 0.5327380952380952 0.8243174456270246 0.016666666666666666 0.0010643220731142988
0 0.3275297619047619 0.8243174456270246 0.03005952380952381 0.0010643220731142988
0 0.2980654761904762 0.8244562702452568 0.022321428571428572 0.0013419713095788987
0 0.0900297619047619 0.8243174456270246 0.03005952380952381 0.0010643220731142988
0 0.06056547619047619 0.8244562702452568 0.022321428571428572 0.0013419713095788987
0 0.85625 0.8057149467838963 0.2255952380952381 0.03049514113836187
0 0.6188988095238095 0.8056918093475243 0.22708333333333333 0.03063396575659417
0 0.3813988095238095 0.8057149467838963 0.22708333333333333 0.03068024062933827
0 0.14375 0.8056918093475243 0.22678571428571428 0.03063396575659417
0 0.26413690476190477 0.7800092549745489 0.003869047619047619 0.0024062933826931978
0 0.12395833333333334 0.7800092549745489 0.003869047619047619 0.0024062933826931978
0 0.10044642857142858 0.7800092549745489 0.003869047619047619 0.0024062933826931978
0 0.3904761904761905 0.7800555298472929 0.014285714285714285 0.0025913928736695973
0 0.3255952380952381 0.7804951411383618 0.015476190476190477 0.0035631652012956963
0 0.28422619047619047 0.7800323924109208 0.030357142857142857 0.0026376677464136976
0 0.20669642857142856 0.7804951411383618 0.015773809523809523 0.0035631652012956963
0 0.06577380952380953 0.7800092549745489 0.01130952380952381 0.0025913928736695973
0 0.1125 0.7804720037019898 0.01488095238095238 0.0037019898195279964
5 0.3044642857142857 0.7795465062471079 0.004166666666666667 0.0033317908375751965
0 0.4199404761904762 0.779592781119852 0.03988095238095238 0.0035168903285515965
5 0.1587797619047619 0.7795233688107358 0.003869047619047619 0.0033780657103192964
0 0.35788690476190477 0.7795696436834799 0.04494047619047619 0.0035631652012956963
0 0.26413690476190477 0.7781582600647848 0.00505952380952381 0.0007403979639055993
0 0.23809523809523808 0.7800323924109208 0.04285714285714286 0.0044886626561776955
0 0.18050595238095238 0.7795696436834799 0.01875 0.0035631652012956963
4 0.1005952380952381 0.7781582600647848 0.004761904761904762 0.0007403979639055993
0 0.08735119047619047 0.7795696436834799 0.015773809523809523 0.0035631652012956963
0 0.0443452380952381 0.7795696436834799 0.02738095238095238 0.0035631652012956963
0 0.08273809523809524 0.7743637204997686 0.014285714285714285 0.0025913928736695973
0 0.3275297619047619 0.7743405830633966 0.03244047619047619 0.0026376677464136976
0 0.3025297619047619 0.7743405830633966 0.013988095238095239 0.0026376677464136976
0 0.27842261904761906 0.7748033317908376 0.015773809523809523 0.0035631652012956963
0 0.20520833333333333 0.7743405830633966 0.013988095238095239 0.0026376677464136976
0 0.1849702380952381 0.7743174456270245 0.022916666666666665 0.0025913928736695973
0 0.06592261904761905 0.7743405830633966 0.015178571428571428 0.0026376677464136976
5 0.29077380952380955 0.7738546968995835 0.004166666666666667 0.0033317908375751965
0 0.040625 0.7738778343359556 0.019345238095238096 0.0034706154558074966
0 0.24196428571428572 0.7738778343359556 0.05416666666666667 0.0035631652012956963
0 0.12797619047619047 0.7738778343359556 0.07023809523809524 0.0035631652012956963
0 0.045535714285714284 0.7682785747339195 0.027976190476190477 0.0011568718186024988
0 0.6450892857142857 0.7473854696899583 0.07946428571428571 0.0016658954187875983
0 0.5001488095238096 0.7469689958352614 0.00505952380952381 0.001018047200370199
0 0.49389880952380955 0.7469689958352614 0.004464285714285714 0.001018047200370199
0 0.397172619047619 0.7469689958352614 0.021726190476190475 0.001018047200370199
0 0.5947916666666667 0.7469227209625173 0.009821428571428571 0.0012956964368347986
0 0.4654761904761905 0.7469921332716335 0.044642857142857144 0.0017121702915316984
0 0.42857142857142855 0.7469227209625173 0.02261904761904762 0.0015733456732993985
0 0.4139880952380952 0.7467838963442851 0.005357142857142857 0.0012956964368347986
0 0.3373511904761905 0.746807033780657 0.043154761904761904 0.0013419713095788987
0 0.5458333333333333 0.7467838963442851 0.06428571428571428 0.0013882461823229986
0 0.506547619047619 0.7467838963442851 0.005357142857142857 0.0013882461823229986
0 0.37217261904761906 0.7467838963442851 0.01994047619047619 0.0013882461823229986
0 0.16294642857142858 0.7329245719574271 0.010416666666666666 0.0006941230911614993
0 0.29285714285714287 0.732901434521055 0.009523809523809525 0.0012956964368347986
0 0.30625 0.732878297084683 0.01488095238095238 0.0013419713095788987
0 0.2849702380952381 0.732878297084683 0.00505952380952381 0.0013419713095788987
0 0.08214285714285714 0.732878297084683 0.01904761904761905 0.0013419713095788987
0 0.1367559523809524 0.7328551596483109 0.03244047619047619 0.0013882461823229986
0 0.10639880952380952 0.7328551596483109 0.021130952380952382 0.0013882461823229986
0 0.057291666666666664 0.7330171217029153 0.01994047619047619 0.0031004164738546967
0 0.9305059523809524 0.7330171217029153 0.045535714285714284 0.004118463674224896
0 0.6330357142857143 0.724525682554373 0.04404761904761905 0.0013882461823229986
0 0.0599702380952381 0.7243868579361407 0.02351190476190476 0.001110596945858399
0 0.4845238095238095 0.7243637204997686 0.02976190476190476 0.0011568718186024988
0 0.2956845238095238 0.7243637204997686 0.025892857142857145 0.0011568718186024988
0 0.8166666666666667 0.6897038408144378 0.305952380952381 0.05909301249421564
0 0.5 0.6897038408144378 0.305952380952381 0.05909301249421564
0 0.18333333333333332 0.6897038408144378 0.305952380952381 0.05909301249421564
0 0.5630952380952381 0.6508792225821379 0.005952380952380952 0.0011568718186024988
0 0.5516369047619047 0.6508792225821379 0.013988095238095239 0.0011568718186024988
0 0.5385416666666667 0.6508792225821379 0.004464285714285714 0.0011568718186024988
0 0.531547619047619 0.6508792225821379 0.005952380952380952 0.0011568718186024988
0 0.5205357142857143 0.6510874595094863 0.013095238095238096 0.0015733456732993985
0 0.506547619047619 0.6508792225821379 0.005952380952380952 0.0011568718186024988
0 0.4907738095238095 0.6508792225821379 0.009523809523809525 0.0011568718186024988
0 0.4498511904761905 0.6508792225821379 0.00625 0.0011568718186024988
0 0.5793154761904762 0.6508792225821379 0.02351190476190476 0.001989819527996298
0 0.4693452380952381 0.6506709856547894 0.030357142857142857 0.0015733456732993985
0 0.42410714285714285 0.6506709856547894 0.03630952380952381 0.0015733456732993985
0 0.3181547619047619 0.6436834798704304 0.016666666666666666 0.0025913928736695973
0 0.7052083333333333 0.6397501156871819 0.05029761904761905 0.010365571494678389
0 0.47901785714285716 0.6397269782508098 0.04255952380952381 0.01031929662193429
0 0.4263392857142857 0.6397501156871819 0.05029761904761905 0.010365571494678389
0 0.2630952380952381 0.6397501156871819 0.08333333333333333 0.010365571494678389
0 0.7648809523809523 0.6400971772327626 0.06488095238095239 0.011244794076816288
0 0.587202380952381 0.6397501156871819 0.16488095238095238 0.01055067098565479
0 0.3613095238095238 0.6397501156871819 0.05892857142857143 0.01055067098565479
0 0.5004464285714286 0.6297084683017121 0.038392857142857145 0.0013882461823229986
0 0.6345238095238095 0.6082600647848219 0.010714285714285714 0.0009717723276260991
0 0.5694940476190476 0.6082369273484498 0.014583333333333334 0.0009254974548819991
0 0.46845238095238095 0.6084220268394261 0.02261904761904762 0.0013882461823229986
0 0.4303571428571429 0.6082369273484498 0.011904761904761904 0.001018047200370199
0 0.37157738095238096 0.6082369273484498 0.00505952380952381 0.001018047200370199
0 0.540625 0.6081443776029616 0.009821428571428571 0.0012956964368347986
0 0.5873511904761904 0.6080518278574734 0.013988095238095239 0.0012956964368347986
0 0.5133928571428571 0.6080749652938454 0.02023809523809524 0.0013419713095788987
0 0.49270833333333336 0.6082600647848219 0.01875 0.0017121702915316984
0 0.40401785714285715 0.6082600647848219 0.038392857142857145 0.0017121702915316984
0 0.36413690476190474 0.6080749652938454 0.00744047619047619 0.0013419713095788987
0 0.6133928571428572 0.6080518278574734 0.029166666666666667 0.0013882461823229986
0 0.5561011904761904 0.6080518278574734 0.009821428571428571 0.0013882461823229986
0 0.44717261904761907 0.6080518278574734 0.014583333333333334 0.0013882461823229986
0 0.37797619047619047 0.6080518278574734 0.005357142857142857 0.0013882461823229986
0 0.6601190476190476 0.5978713558537714 0.007142857142857143 0.001110596945858399
0 0.6413690476190477 0.5977556686719111 0.025595238095238095 0.0008792225821378991
0 0.721279761904762 0.5975705691809348 0.00505952380952381 0.0007866728366496993
0 0.6150297619047619 0.5977093937991671 0.012202380952380952 0.0010643220731142988
0 0.6040178571428572 0.5977093937991671 0.006845238095238095 0.0010643220731142988
0 0.7311011904761905 0.5975474317445627 0.013392857142857142 0.001110596945858399
0 0.5611607142857142 0.5975011568718186 0.015178571428571428 0.0014807959278111986
0 0.5467261904761904 0.5975011568718186 0.005952380952380952 0.0014807959278111986
0 0.5866071428571429 0.5975011568718186 0.025595238095238095 0.0015733456732993985
0 0.5238095238095238 0.5975242943081907 0.03630952380952381 0.0016196205460434984
0 0.6930059523809524 0.597663118926423 0.04375 0.0031004164738546967
0 0.19226190476190477 0.5953262378528459 0.007142857142857143 0.001110596945858399
0 0.17351190476190476 0.5952105506709856 0.025595238095238095 0.0008792225821378991
0 0.14717261904761905 0.5951180009254975 0.012202380952380952 0.0010643220731142988
0 0.09895833333333333 0.5951180009254975 0.006845238095238095 0.0010643220731142988
0 0.05758928571428571 0.5951180009254975 0.009821428571428571 0.0010643220731142988
0 0.04449404761904762 0.5951180009254975 0.013392857142857142 0.0010643220731142988
0 0.2611607142857143 0.5949560388708931 0.020535714285714286 0.001110596945858399
0 0.13005952380952382 0.5951411383618695 0.02023809523809524 0.0019435446552521982
0 0.10952380952380952 0.594932901434521 0.011904761904761904 0.0015270708005552984
0 0.07098214285714285 0.594932901434521 0.008035714285714285 0.0015270708005552984
0 0.08630952380952381 0.5948866265617769 0.015476190476190477 0.0015270708005552984
0 0.22514880952380953 0.5950948634891254 0.04375 0.003146691346598797
0 0.7375 0.5667746413697362 0.4642857142857143 0.05423415085608515
0 0.2625 0.5654558074965294 0.4642857142857143 0.05159648310967145
4 0.32514880952380953 0.5300786672836649 0.00505952380952381 0.0008329477093937991
0 0.2681547619047619 0.5292457195742711 0.004166666666666667 0.0024062933826931978
0 0.0775297619047619 0.5292457195742711 0.003869047619047619 0.0024062933826931978
0 0.3142857142857143 0.5292688570106432 0.0125 0.0026376677464136976
0 0.29910714285714285 0.5292457195742711 0.014285714285714285 0.0025913928736695973
0 0.28125 0.5292688570106432 0.016666666666666666 0.0026376677464136976
0 0.22797619047619047 0.5292688570106432 0.015476190476190477 0.0026376677464136976
0 0.18601190476190477 0.5292688570106432 0.03333333333333333 0.0026376677464136976
0 0.0681547619047619 0.5292457195742711 0.01130952380952381 0.0025913928736695973
0 0.04538690476190476 0.5292688570106432 0.02886904761904762 0.0026376677464136976
5 0.21517857142857144 0.5287829708468301 0.004166666666666667 0.0033317908375751965
5 0.20729166666666668 0.5287829708468301 0.003869047619047619 0.0033317908375751965
0 0.2507440476190476 0.5288292457195742 0.027083333333333334 0.0035168903285515965
0 0.1037202380952381 0.5292919944470152 0.043154761904761904 0.004442387783433596
4 0.2681547619047619 0.5273947246645072 0.004761904761904762 0.0007403979639055993
0 0.1474702380952381 0.5288061082832022 0.028273809523809524 0.0035631652012956963
4 0.07738095238095238 0.5273947246645072 0.004761904761904762 0.0007403979639055993
0 0.1930059523809524 0.523600185099491 0.003869047619047619 0.0024062933826931978
0 0.17797619047619048 0.5236233225358631 0.02261904761904762 0.0025451180009254974
0 0.22351190476190477 0.5236233225358631 0.015476190476190477 0.0026376677464136976
0 0.15104166666666666 0.5236233225358631 0.013988095238095239 0.0026376677464136976
0 0.12172619047619047 0.5236233225358631 0.026785714285714284 0.0026376677464136976
0 0.09791666666666667 0.5236233225358631 0.016666666666666666 0.0026376677464136976
0 0.07232142857142858 0.524086071263304 0.015476190476190477 0.0035631652012956963
0 0.20535714285714285 0.5232068486811662 0.01488095238095238 0.0034706154558074966
5 0.08467261904761905 0.523114298935678 0.003869047619047619 0.0033780657103192964
0 0.04806547619047619 0.5231605738084221 0.03005952380952381 0.0034706154558074966
4 0.1931547619047619 0.521749190189727 0.004761904761904762 0.0007403979639055993
0 0.054464285714285715 0.517561314206386 0.04642857142857143 0.0011568718186024988
0 0.45863095238095236 0.4962748727440999 0.005357142857142857 0.0009717723276260991
0 0.4517857142857143 0.4962517353077279 0.005357142857142857 0.0009254974548819991
0 0.5376488095238096 0.4962517353077279 0.019345238095238096 0.001018047200370199
0 0.5175595238095239 0.4962517353077279 0.017857142857142856 0.001018047200370199
0 0.42782738095238093 0.4962517353077279 0.021726190476190475 0.001018047200370199
0 0.4086309523809524 0.4962517353077279 0.008333333333333333 0.001018047200370199
0 0.5641369047619048 0.4962054604349838 0.009821428571428571 0.0012956964368347986
0 0.6132440476190476 0.4964599722350764 0.07767857142857143 0.0020823692734844978
0 0.4806547619047619 0.49608977325312353 0.022023809523809525 0.0013419713095788987
0 0.46532738095238096 0.4960666358167515 0.005654761904761905 0.0012956964368347986
0 0.44494047619047616 0.49608977325312353 0.005357142857142857 0.0013419713095788987
0 0.35193452380952384 0.49608977325312353 0.006845238095238095 0.0013419713095788987
0 0.5004464285714286 0.4960666358167515 0.009821428571428571 0.0013882461823229986
0 0.3964285714285714 0.4960666358167515 0.01369047619047619 0.0013882461823229986
0 0.37142857142857144 0.4960666358167515 0.02976190476190476 0.0013882461823229986
0 0.7723214285714286 0.47975474317445627 0.02142857142857143 0.0009717723276260991
0 0.5348214285714286 0.47975474317445627 0.02142857142857143 0.0009717723276260991
0 0.29732142857142857 0.47975474317445627 0.02142857142857143 0.0009717723276260991
0 0.059821428571428574 0.47975474317445627 0.02142857142857143 0.0009717723276260991
0 0.7916666666666666 0.4797316057380842 0.0125 0.001110596945858399
0 0.5541666666666667 0.4797316057380842 0.0125 0.001110596945858399
0 0.31666666666666665 0.4797316057380842 0.0125 0.001110596945858399
0 0.07916666666666666 0.4797316057380842 0.0125 0.001110596945858399
0 0.9452380952380952 0.47924571957427115 0.013095238095238096 0.0017121702915316984
0 0.7077380952380953 0.47924571957427115 0.013095238095238096 0.0017121702915316984
0 0.47023809523809523 0.47924571957427115 0.013095238095238096 0.0017121702915316984
0 0.23273809523809524 0.47924571957427115 0.013095238095238096 0.0017121702915316984
0 0.8848214285714285 0.473600185099491 0.034523809523809526 0.0010643220731142988
0 0.8608630952380952 0.473600185099491 0.008035714285714285 0.0010643220731142988
0 0.7830357142857143 0.473600185099491 0.03988095238095238 0.0010643220731142988
0 0.63125 0.473600185099491 0.023809523809523808 0.0010643220731142988
0 0.5455357142857142 0.473600185099491 0.03988095238095238 0.0010643220731142988
0 0.42544642857142856 0.47373900971772326 0.04136904761904762 0.0013419713095788987
0 0.3919642857142857 0.473600185099491 0.02023809523809524 0.0010643220731142988
0 0.3080357142857143 0.473600185099491 0.03988095238095238 0.0010643220731142988
0 0.17991071428571428 0.47373900971772326 0.026488095238095238 0.0013419713095788987
0 0.15401785714285715 0.473600185099491 0.019345238095238096 0.0010643220731142988
0 0.07053571428571428 0.473600185099491 0.03988095238095238 0.0010643220731142988
4 0.8061011904761904 0.46564090698750576 0.00625 0.0011568718186024988
4 0.7941964285714286 0.46564090698750576 0.00625 0.0011568718186024988
0 0.7860119047619047 0.46564090698750576 0.006547619047619048 0.0011568718186024988
0 0.7668154761904762 0.46587228135122627 0.006845238095238095 0.0016196205460434984
0 0.090625 0.46564090698750576 0.019345238095238096 0.0011568718186024988
5 0.8138392857142858 0.4658491439148542 0.006845238095238095 0.0016658954187875983
0 0.7764880952380953 0.4654326700601573 0.009523809523809525 0.0015733456732993985
0 0.06532738095238096 0.4654326700601573 0.02886904761904762 0.0015733456732993985
0 0.34925595238095236 0.4639750115687182 0.02470238095238095 0.0011568718186024988
0 0.33214285714285713 0.4639750115687182 0.006547619047619048 0.0011568718186024988
0 0.3236607142857143 0.4639750115687182 0.00744047619047619 0.0011568718186024988
0 0.3142857142857143 0.46376677464136973 0.008928571428571428 0.0015733456732993985
0 0.3013392857142857 0.46376677464136973 0.00744047619047619 0.0015733456732993985
5 0.29389880952380953 0.46376677464136973 0.003869047619047619 0.0015733456732993985
0 0.3639880952380952 0.46376677464136973 0.002976190476190476 0.0018509949097639982
0 0.2897321428571429 0.46376677464136973 0.003273809523809524 0.0018509949097639982
4 0.8510416666666667 0.4626793151318834 0.00625 0.0011568718186024988
4 0.8433035714285714 0.4626793151318834 0.00625 0.0011568718186024988
0 0.5601190476190476 0.4626793151318834 0.006547619047619048 0.0011568718186024988
0 0.5293154761904761 0.4629106894956039 0.006845238095238095 0.0016196205460434984
0 0.19151785714285716 0.4629106894956039 0.006845238095238095 0.0016196205460434984
0 0.13303571428571428 0.4629106894956039 0.007142857142857143 0.0016196205460434984
0 0.08452380952380953 0.4626793151318834 0.005952380952380952 0.0011568718186024988
0 0.07113095238095238 0.4628875520592318 0.017857142857142856 0.0016658954187875983
0 0.8897321428571429 0.46270245256825543 0.0443452380952381 0.002036094400740398
0 0.859375 0.4624710782045349 0.006845238095238095 0.0015733456732993985
0 0.8290178571428571 0.4624710782045349 0.011607142857142858 0.0015733456732993985
0 0.8111607142857142 0.46263304025913926 0.01636904761904762 0.001897269782508098
0 0.7919642857142857 0.462494215640907 0.019642857142857142 0.0016196205460434984
0 0.771875 0.4624710782045349 0.01755952380952381 0.0015733456732993985
0 0.5739583333333333 0.462494215640907 0.018154761904761906 0.0016196205460434984
0 0.5446428571428571 0.4624710782045349 0.020833333333333332 0.0015733456732993985
0 0.18035714285714285 0.462494215640907 0.0125 0.0016196205460434984
0 0.1705357142857143 0.4624710782045349 0.006547619047619048 0.0015733456732993985
0 0.1523809523809524 0.46270245256825543 0.014285714285714285 0.002036094400740398
0 0.12202380952380952 0.462494215640907 0.0125 0.0016196205460434984
0 0.11205357142857143 0.4624710782045349 0.006845238095238095 0.0015733456732993985
0 0.10029761904761905 0.4624710782045349 0.008928571428571428 0.0015733456732993985
0 0.055952380952380955 0.46244794076816287 0.01011904761904762 0.0016196205460434984
0 0.39464285714285713 0.4610134197130958 0.010714285714285714 0.0011568718186024988
4 0.3626488095238095 0.4610134197130958 0.00625 0.0011568718186024988
0 0.31741071428571427 0.4610134197130958 0.012202380952380952 0.0011568718186024988
0 0.34925595238095236 0.46122165664044423 0.018154761904761906 0.0016658954187875983
0 0.4523809523809524 0.46080518278574734 0.007142857142857143 0.0015733456732993985
0 0.44360119047619045 0.46080518278574734 0.00744047619047619 0.0015733456732993985
5 0.4361607142857143 0.46080518278574734 0.003869047619047619 0.0015733456732993985
0 0.4230654761904762 0.4608283202221194 0.012797619047619047 0.0016196205460434984
0 0.4087797619047619 0.46080518278574734 0.00744047619047619 0.0015733456732993985
0 0.37901785714285713 0.46080518278574734 0.018154761904761906 0.0015733456732993985
0 0.29910714285714285 0.46080518278574734 0.02142857142857143 0.0015733456732993985
0 0.33407738095238093 0.4607820453493753 0.009821428571428571 0.0016196205460434984
0 0.9172619047619047 0.459717723276261 0.010714285714285714 0.0011568718186024988
0 0.9069940476190477 0.459717723276261 0.006845238095238095 0.0011568718186024988
4 0.8989583333333333 0.459717723276261 0.00625 0.0011568718186024988
0 0.8907738095238096 0.459717723276261 0.006547619047619048 0.0011568718186024988
0 0.871875 0.459717723276261 0.006845238095238095 0.0011568718186024988
0 0.852827380952381 0.459717723276261 0.00505952380952381 0.0011568718186024988
0 0.8452380952380952 0.459717723276261 0.007142857142857143 0.0011568718186024988
0 0.8257440476190476 0.459717723276261 0.012797619047619047 0.0011568718186024988
5 0.8080357142857143 0.459717723276261 0.0125 0.0011568718186024988
0 0.6404761904761904 0.459717723276261 0.004761904761904762 0.0011568718186024988
0 0.5702380952380952 0.459717723276261 0.006547619047619048 0.0011568718186024988
0 0.5392857142857143 0.459717723276261 0.007142857142857143 0.0011568718186024988
4 0.20669642857142856 0.459717723276261 0.00625 0.0011568718186024988
0 0.06636904761904762 0.459717723276261 0.006547619047619048 0.0011568718186024988
0 0.05803571428571429 0.459717723276261 0.006547619047619048 0.0011568718186024988
0 0.6126488095238095 0.45992596020360943 0.013988095238095239 0.0016658954187875983
0 0.18735119047619048 0.45992596020360943 0.013988095238095239 0.0016658954187875983
0 0.8633928571428572 0.45950948634891253 0.007142857142857143 0.0015733456732993985
0 0.8388392857142857 0.45950948634891253 0.00505952380952381 0.0015733456732993985
0 0.7967261904761904 0.45950948634891253 0.007142857142857143 0.0015733456732993985
0 0.7662202380952381 0.45950948634891253 0.006845238095238095 0.0015733456732993985
0 0.6507440476190476 0.45950948634891253 0.006845238095238095 0.0015733456732993985
0 0.6303571428571428 0.45950948634891253 0.0125 0.0015733456732993985
0 0.5897321428571428 0.45950948634891253 0.022321428571428572 0.0015733456732993985
5 0.5299107142857142 0.45950948634891253 0.008035714285714285 0.0015733456732993985
0 0.1644345238095238 0.45950948634891253 0.022321428571428572 0.0015733456732993985
0 0.14479166666666668 0.45950948634891253 0.006845238095238095 0.0015733456732993985
0 0.8811011904761905 0.459717723276261 0.009821428571428571 0.0020823692734844978
0 0.7799107142857142 0.45955576122165664 0.01755952380952381 0.0017584451642757982
0 0.6705357142857142 0.459717723276261 0.02261904761904762 0.0020823692734844978
0 0.5584821428571428 0.45950948634891253 0.013988095238095239 0.0016658954187875983
0 0.1299107142857143 0.4595326237852846 0.01994047619047619 0.0017121702915316984
0 0.09360119047619048 0.45950948634891253 0.04494047619047619 0.0016658954187875983
0 0.8563988095238095 0.445349375289218 0.22708333333333333 0.01999074502545118
0 0.6188988095238095 0.445349375289218 0.22708333333333333 0.01999074502545118
0 0.3813988095238095 0.4459972235076354 0.22708333333333333 0.02128644146228598
0 0.1438988095238095 0.445349375289218 0.22708333333333333 0.01999074502545118
4 0.25163690476190476 0.42582137899120776 0.00505952380952381 0.0008329477093937991
0 0.10148809523809524 0.42498843128181396 0.004166666666666667 0.0024062933826931978
0 0.23526785714285714 0.425011568718186 0.02351190476190476 0.0026376677464136976
0 0.1619047619047619 0.425011568718186 0.026785714285714284 0.0026376677464136976
0 0.11428571428571428 0.42498843128181396 0.014285714285714285 0.0025913928736695973
0 0.19940476190476192 0.42457195742711706 0.04404761904761905 0.0035168903285515965
0 0.1351190476190476 0.42457195742711706 0.023809523809523808 0.0035168903285515965
0 0.06994047619047619 0.42457195742711706 0.04047619047619048 0.0035168903285515965
4 0.10148809523809524 0.42313743637205 0.004761904761904762 0.0007403979639055993
0 0.04047619047619048 0.424548819990745 0.015476190476190477 0.0035631652012956963
0 0.22708333333333333 0.41936603424340585 0.015476190476190477 0.0026376677464136976
0 0.16964285714285715 0.4193428968070338 0.02261904761904762 0.0025913928736695973
0 0.09464285714285714 0.4193428968070338 0.026785714285714284 0.0025913928736695973
0 0.05580357142857143 0.4189264229523369 0.045535714285714284 0.0035168903285515965
0 0.20342261904761905 0.41890328551596484 0.027083333333333334 0.0035631652012956963
0 0.13645833333333332 0.41890328551596484 0.03898809523809524 0.0035631652012956963
0 0.05 0.41346598796853307 0.0380952380952381 0.0014807959278111986
0 0.6127976190476191 0.39201758445164275 0.005357142857142857 0.0009717723276260991
0 0.6244047619047619 0.3919944470152707 0.015476190476190477 0.001018047200370199
0 0.4419642857142857 0.3919944470152707 0.01011904761904762 0.001018047200370199
0 0.42529761904761904 0.3919944470152707 0.004761904761904762 0.001018047200370199
0 0.5498511904761905 0.3919481721425266 0.009821428571428571 0.0012956964368347986
0 0.41116071428571427 0.39183248496066636 0.01636904761904762 0.0013419713095788987
0 0.5988095238095238 0.3918093475242943 0.019642857142857142 0.0013882461823229986
0 0.5733630952380953 0.3918093475242943 0.025297619047619048 0.0013882461823229986
0 0.5116071428571428 0.3918093475242943 0.04285714285714286 0.0013882461823229986
0 0.4675595238095238 0.3918093475242943 0.0380952380952381 0.0013882461823229986
5 0.430952380952381 0.3918093475242943 0.0035714285714285713 0.0013882461823229986
0 0.39092261904761905 0.3918093475242943 0.016964285714285713 0.0013882461823229986
0 0.37455357142857143 0.3918093475242943 0.013392857142857142 0.0013882461823229986
0 0.530952380952381 0.3816982878297085 0.008928571428571428 0.0006015733456732994
0 0.2755952380952381 0.3816982878297085 0.008928571428571428 0.0006015733456732994
0 0.7205357142857143 0.38186024988431283 0.007142857142857143 0.001110596945858399
0 0.4 0.38186024988431283 0.007142857142857143 0.001110596945858399
0 0.13363095238095238 0.38186024988431283 0.007142857142857143 0.001110596945858399
5 0.7040178571428571 0.3816520129569644 0.009821428571428571 0.0010643220731142988
0 0.11116071428571428 0.3816520129569644 0.00625 0.0010643220731142988
5 0.10119047619047619 0.3816520129569644 0.010714285714285714 0.0010643220731142988
0 0.07663690476190477 0.38167515039333644 0.013392857142857142 0.001110596945858399
0 0.05744047619047619 0.3818833873206849 0.006547619047619048 0.0015270708005552984
5 0.8005952380952381 0.38160573808422027 0.011904761904761904 0.0010643220731142988
0 0.7866071428571428 0.38160573808422027 0.007142857142857143 0.0010643220731142988
4 0.5105654761904762 0.38160573808422027 0.00625 0.0010643220731142988
0 0.48139880952380953 0.38160573808422027 0.00625 0.0010643220731142988
0 0.4581845238095238 0.3816288755205923 0.013392857142857142 0.001110596945858399
0 0.2636904761904762 0.38160573808422027 0.007142857142857143 0.0010643220731142988
0 0.04672619047619048 0.3816288755205923 0.011904761904761904 0.001110596945858399
0 0.3794642857142857 0.3818371124479408 0.01904761904761905 0.0016196205460434984
0 0.20833333333333334 0.3815826006478482 0.018452380952380953 0.001110596945858399
0 0.6863095238095238 0.38144377602961593 0.02261904761904762 0.0014807959278111986
0 0.669047619047619 0.38144377602961593 0.008333333333333333 0.0014807959278111986
0 0.36622023809523807 0.38144377602961593 0.00625 0.0014807959278111986
0 0.09092261904761904 0.38144377602961593 0.006845238095238095 0.0014807959278111986
0 0.03556547619047619 0.38144377602961593 0.00744047619047619 0.0014807959278111986
0 0.7592261904761904 0.3813975011568718 0.007142857142857143 0.0014807959278111986
5 0.5019345238095239 0.3813975011568718 0.00744047619047619 0.0014807959278111986
5 0.47276785714285713 0.3813975011568718 0.00744047619047619 0.0014807959278111986
0 0.44241071428571427 0.3813975011568718 0.015178571428571428 0.0014807959278111986
0 0.353125 0.3814206385932439 0.009226190476190476 0.0015270708005552984
0 0.24151785714285715 0.3814206385932439 0.011607142857142858 0.0015270708005552984
0 0.23229166666666667 0.3813975011568718 0.00625 0.0014807959278111986
0 0.1724702380952381 0.3813975011568718 0.00744047619047619 0.0014807959278111986
0 0.11875 0.3814206385932439 0.006547619047619048 0.0015270708005552984
0 0.06532738095238096 0.3814206385932439 0.00625 0.0015270708005552984
0 0.7748511904761904 0.38137436372049976 0.013988095238095239 0.0015270708005552984
0 0.5188988095238095 0.3813975011568718 0.008035714285714285 0.0015733456732993985
0 0.48988095238095236 0.3813975011568718 0.007738095238095238 0.0015733456732993985
0 0.2520833333333333 0.38137436372049976 0.006547619047619048 0.0015270708005552984
0 0.22217261904761904 0.3813975011568718 0.00625 0.0015733456732993985
0 0.1875 0.38160573808422027 0.02023809523809524 0.001989819527996298
0 0.740625 0.38160573808422027 0.01994047619047619 0.0031004164738546967
0 0.4194940476190476 0.38160573808422027 0.019345238095238096 0.0031004164738546967
2 0.1537202380952381 0.38160573808422027 0.01994047619047619 0.0031004164738546967
0 0.88125 0.37760296159185563 0.01130952380952381 0.0005552984729291995
0 0.1836309523809524 0.36015733456732996 0.3053571428571429 0.03563165201295696
0 0.5001488095238096 0.3601341971309579 0.30625 0.03577047663118926
0 0.15714285714285714 0.3381999074502545 0.008928571428571428 0.0006015733456732994
0 0.036904761904761905 0.33836186950485886 0.007142857142857143 0.001110596945858399
0 0.12648809523809523 0.3381073577047663 0.006547619047619048 0.0010643220731142988
0 0.09166666666666666 0.33808422026839424 0.01904761904761905 0.001110596945858399
0 0.14345238095238094 0.33789912077741785 0.009523809523809525 0.0014807959278111986
0 0.11383928571428571 0.33789912077741785 0.008630952380952382 0.0014807959278111986
0 0.07633928571428572 0.33789912077741785 0.008630952380952382 0.0014807959278111986
0 0.13407738095238095 0.3378759833410458 0.00625 0.0015270708005552984
2 0.05580357142857143 0.337968533086534 0.01755952380952381 0.0027302174919018973
0 0.8592261904761904 0.3344979176307265 0.008928571428571428 0.0006015733456732994
0 0.5663690476190476 0.3344979176307265 0.008928571428571428 0.0006015733456732994
0 0.7461309523809524 0.33465987968533084 0.007142857142857143 0.001110596945858399
0 0.45148809523809524 0.33465987968533084 0.007142857142857143 0.001110596945858399
4 0.731547619047619 0.3344516427579824 0.005952380952380952 0.0010643220731142988
0 0.4113095238095238 0.3344516427579824 0.005952380952380952 0.0010643220731142988
4 0.39613095238095236 0.3344516427579824 0.005952380952380952 0.0010643220731142988
0 0.2074404761904762 0.3344516427579824 0.006547619047619048 0.0010643220731142988
0 0.1998511904761905 0.3344516427579824 0.00625 0.0010643220731142988
4 0.19226190476190477 0.3344516427579824 0.005952380952380952 0.0010643220731142988
0 0.18452380952380953 0.3344516427579824 0.006547619047619048 0.0010643220731142988
0 0.10610119047619047 0.3344516427579824 0.009821428571428571 0.0010643220731142988
0 0.09642857142857143 0.3344516427579824 0.006547619047619048 0.0010643220731142988
0 0.8474702380952381 0.33440536788523834 0.00625 0.0010643220731142988
0 0.5492559523809524 0.33440536788523834 0.005654761904761905 0.0010643220731142988
4 0.5342261904761905 0.33440536788523834 0.005952380952380952 0.0010643220731142988
4 0.4180059523809524 0.3344285053216104 0.004464285714285714 0.001110596945858399
0 0.555952380952381 0.3343822304488663 0.004761904761904762 0.001110596945858399
0 0.7065476190476191 0.334266543267006 0.014285714285714285 0.0015270708005552984
0 0.6912202380952381 0.33424340583063394 0.006845238095238095 0.0014807959278111986
0 0.6828869047619047 0.33424340583063394 0.006845238095238095 0.0014807959278111986
0 0.6751488095238095 0.33424340583063394 0.00625 0.0014807959278111986
0 0.6680059523809524 0.33424340583063394 0.00625 0.0014807959278111986
0 0.3842261904761905 0.33424340583063394 0.01488095238095238 0.0014807959278111986
0 0.36339285714285713 0.334266543267006 0.017261904761904763 0.0015270708005552984
0 0.35119047619047616 0.33424340583063394 0.006547619047619048 0.0014807959278111986
0 0.15699404761904762 0.33447478019435445 0.028273809523809524 0.0019435446552521982
0 0.08735119047619047 0.33424340583063394 0.008630952380952382 0.0014807959278111986
0 0.06205357142857143 0.334266543267006 0.03244047619047619 0.0015270708005552984
0 0.03824404761904762 0.33424340583063394 0.012797619047619047 0.0014807959278111986
0 0.8224702380952381 0.33422026839426194 0.013988095238095239 0.0015270708005552984
0 0.8069940476190476 0.3341971309578899 0.006845238095238095 0.0014807959278111986
0 0.7986607142857143 0.3341971309578899 0.006845238095238095 0.0014807959278111986
0 0.7873511904761905 0.3341971309578899 0.013392857142857142 0.0014807959278111986
0 0.7209821428571429 0.33422026839426194 0.012202380952380952 0.0015270708005552984
0 0.5223214285714286 0.3341971309578899 0.01488095238095238 0.0014807959278111986
0 0.5013392857142858 0.33422026839426194 0.01755952380952381 0.0015270708005552984
0 0.48913690476190474 0.3341971309578899 0.00625 0.0014807959278111986
0 0.4324404761904762 0.33422026839426194 0.01607142857142857 0.0015270708005552984
0 0.4038690476190476 0.33422026839426194 0.006547619047619048 0.0015270708005552984
0 0.1761904761904762 0.33422026839426194 0.007738095238095238 0.0015270708005552984
0 0.12529761904761905 0.33422026839426194 0.025595238095238095 0.0015270708005552984
0 0.8369047619047619 0.33417399352151783 0.011904761904761904 0.0015270708005552984
0 0.5419642857142857 0.33417399352151783 0.006547619047619048 0.0015270708005552984
0 0.765922619047619 0.33440536788523834 0.01994047619047619 0.0031004164738546967
0 0.47157738095238094 0.33440536788523834 0.01994047619047619 0.0031004164738546967
2 0.8168154761904762 0.3129338269319759 0.30625 0.03577047663118926
0 0.5 0.3129106894956039 0.305952380952381 0.035724201758445165
0 0.18348214285714284 0.3129338269319759 0.30625 0.03577047663118926
0 0.15892857142857142 0.285168903285516 0.03571428571428571 0.0035631652012956963
0 0.10416666666666667 0.28470615455807496 0.015476190476190477 0.0026376677464136976
0 0.13080357142857144 0.28424340583063396 0.01755952380952381 0.0034706154558074966
0 0.08035714285714286 0.28424340583063396 0.02738095238095238 0.0035631652012956963
0 0.04598214285714286 0.28424340583063396 0.028273809523809524 0.0035631652012956963
0 0.15595238095238095 0.27899120777417863 0.004166666666666667 0.0024062933826931978
0 0.09166666666666666 0.2790143452105507 0.015476190476190477 0.0026376677464136976
0 0.17991071428571428 0.27857473391948173 0.04017857142857143 0.0035168903285515965
0 0.11517857142857142 0.27857473391948173 0.026785714285714284 0.0035168903285515965
0 0.05773809523809524 0.27857473391948173 0.0494047619047619 0.0035168903285515965
4 0.15595238095238095 0.27714021286441465 0.004761904761904762 0.0007403979639055993
0 0.14419642857142856 0.2785515964831097 0.015178571428571428 0.0035631652012956963
0 0.04776785714285714 0.2729754743174456 0.03363095238095238 0.001110596945858399
3 0.6282738095238095 0.25168903285515964 0.017261904761904763 0.0009254974548819991
0 0.6157738095238096 0.2517121702915317 0.005357142857142857 0.0009717723276260991
4 0.6043154761904762 0.2517121702915317 0.008630952380952382 0.0009717723276260991
0 0.5958333333333333 0.25168903285515964 0.005952380952380952 0.0009254974548819991
0 0.43720238095238095 0.25164275798241553 0.01011904761904762 0.001018047200370199
0 0.4205357142857143 0.25164275798241553 0.004761904761904762 0.001018047200370199
0 0.5450892857142857 0.2515964831096715 0.009821428571428571 0.0012956964368347986
0 0.5883928571428572 0.25150393336418325 0.006547619047619048 0.0012956964368347986
0 0.5686011904761905 0.25150393336418325 0.025297619047619048 0.0013882461823229986
0 0.40654761904761905 0.2514807959278112 0.016666666666666666 0.0013419713095788987
0 0.5069940476190476 0.25145765849143914 0.04255952380952381 0.0013882461823229986
0 0.46279761904761907 0.25145765849143914 0.0380952380952381 0.0013882461823229986
5 0.4261904761904762 0.25145765849143914 0.0035714285714285713 0.0013882461823229986
0 0.3861607142857143 0.25145765849143914 0.016964285714285713 0.0013882461823229986
0 0.3697916666666667 0.25145765849143914 0.013392857142857142 0.0013882461823229986
0 0.3169642857142857 0.2413928736695974 0.008928571428571428 0.0006015733456732994
0 0.7245535714285715 0.24150856085145767 0.006845238095238095 0.001110596945858399
0 0.4574404761904762 0.24150856085145767 0.007142857142857143 0.001110596945858399
0 0.15833333333333333 0.24150856085145767 0.007142857142857143 0.001110596945858399
0 0.5791666666666667 0.24153169828782972 0.022023809523809525 0.0015270708005552984
0 0.49910714285714286 0.24130032392410922 0.014285714285714285 0.0010643220731142988
0 0.43526785714285715 0.24153169828782972 0.022321428571428572 0.0015270708005552984
0 0.40669642857142857 0.24130032392410922 0.006845238095238095 0.0010643220731142988
0 0.35907738095238095 0.24130032392410922 0.006845238095238095 0.0010643220731142988
0 0.3513392857142857 0.24130032392410922 0.00625 0.0010643220731142988
5 0.2995535714285714 0.24130032392410922 0.009821428571428571 0.0010643220731142988
0 0.290327380952381 0.24130032392410922 0.005654761904761905 0.0010643220731142988
0 0.22723214285714285 0.24130032392410922 0.006845238095238095 0.0010643220731142988
5 0.13824404761904763 0.24130032392410922 0.009821428571428571 0.0010643220731142988
0 0.06592261904761905 0.24130032392410922 0.006845238095238095 0.0010643220731142988
0 0.4174107142857143 0.24127718648773716 0.011607142857142858 0.001110596945858399
0 0.12544642857142857 0.2414854234150856 0.012797619047619047 0.0016196205460434984
0 0.7760416666666666 0.24132346136048125 0.033035714285714286 0.0019435446552521982
0 0.6816964285714285 0.24132346136048125 0.033035714285714286 0.0019435446552521982
0 0.5473214285714286 0.2411152244331328 0.039285714285714285 0.0015270708005552984
0 0.5169642857142858 0.2411152244331328 0.018452380952380953 0.0015270708005552984
0 0.3930059523809524 0.2411152244331328 0.018154761904761906 0.0015270708005552984
0 0.3732142857142857 0.2411152244331328 0.018452380952380953 0.0015270708005552984
0 0.2575892857142857 0.24109208699676077 0.008630952380952382 0.0014807959278111986
0 0.20520833333333333 0.2411152244331328 0.011607142857142858 0.0015270708005552984
0 0.19598214285714285 0.24109208699676077 0.00625 0.0014807959278111986
0 0.09627976190476191 0.24109208699676077 0.008630952380952382 0.0014807959278111986
0 0.04389880952380952 0.2411152244331328 0.011607142857142858 0.0015270708005552984
0 0.034523809523809526 0.24109208699676077 0.006547619047619048 0.0014807959278111986
0 0.8041666666666667 0.2410689495603887 0.006547619047619048 0.0015270708005552984
0 0.7098214285714286 0.2410689495603887 0.006547619047619048 0.0015270708005552984
0 0.27514880952380955 0.24130032392410922 0.022916666666666665 0.001989819527996298
0 0.24226190476190476 0.24130032392410922 0.01369047619047619 0.001989819527996298
0 0.21577380952380953 0.2410689495603887 0.006547619047619048 0.0015270708005552984
0 0.11011904761904762 0.24130032392410922 0.015476190476190477 0.001989819527996298
0 0.08080357142857143 0.24130032392410922 0.013392857142857142 0.001989819527996298
0 0.054464285714285715 0.2410689495603887 0.006547619047619048 0.0015270708005552984
0 0.178125 0.2412540490513651 0.018154761904761906 0.002822767237390097
0 0.7444940476190476 0.2412540490513651 0.01994047619047619 0.0031004164738546967
0 0.8166666666666667 0.2198056455344748 0.305952380952381 0.035724201758445165
0 0.5001488095238096 0.2198056455344748 0.30625 0.035724201758445165
0 0.18348214285714284 0.21978250809810274 0.30625 0.03577047663118926
0 0.5273809523809524 0.19261915779731606 0.004761904761904762 0.0011568718186024988
0 0.490625 0.19261915779731606 0.040773809523809525 0.0011568718186024988
0 0.518154761904762 0.1924109208699676 0.01130952380952381 0.0015733456732993985
0 0.5866071428571429 0.18965756594169367 0.005952380952380952 0.0011568718186024988
0 0.5790178571428571 0.18965756594169367 0.006845238095238095 0.0011568718186024988
0 0.5282738095238095 0.18965756594169367 0.01607142857142857 0.0011568718186024988
0 0.47708333333333336 0.18965756594169367 0.006547619047619048 0.0011568718186024988
0 0.4552083333333333 0.18965756594169367 0.004464285714285714 0.0011568718186024988
0 0.42098214285714286 0.18965756594169367 0.006845238095238095 0.0011568718186024988
0 0.5610119047619048 0.18944932901434522 0.019642857142857142 0.0015733456732993985
0 0.5438988095238095 0.18944932901434522 0.012202380952380952 0.0015733456732993985
0 0.5020833333333333 0.18944932901434522 0.02857142857142857 0.0015733456732993985
0 0.46651785714285715 0.18944932901434522 0.011607142857142858 0.0015733456732993985
0 0.44583333333333336 0.18944932901434522 0.01130952380952381 0.0015733456732993985
0 0.4305059523809524 0.18944932901434522 0.011607142857142858 0.0015733456732993985
0 0.6526785714285714 0.17850532161036556 0.042261904761904764 0.01031929662193429
0 0.5995535714285715 0.17850532161036556 0.04255952380952381 0.01031929662193429
0 0.5395833333333333 0.17852845904673761 0.05 0.010365571494678389
5 0.4941964285714286 0.17850532161036556 0.013392857142857142 0.01031929662193429
0 0.44419642857142855 0.17850532161036556 0.059226190476190474 0.01031929662193429
2 0.30565476190476193 0.17850532161036556 0.05 0.01031929662193429
0 0.7119047619047619 0.17852845904673761 0.06488095238095239 0.01055067098565479
0 0.37276785714285715 0.17852845904673761 0.06279761904761905 0.01055067098565479
0 0.500297619047619 0.16834798704303564 0.025 0.001110596945858399
0 0.5001488095238096 0.09655252198056455 0.9538690476190477 0.1112910689495604
0 0.5321428571428571 0.032993984266543264 0.0125 0.0008329477093937991
0 0.5041666666666667 0.03336418324849607 0.03333333333333333 0.0015733456732993985
2 0.47098214285714285 0.033109671448403516 0.01994047619047619 0.0031004164738546967
0 0.5061011904761905 0.022026839426191578 0.046130952380952384 0.010365571494678389
0 0.4519345238095238 0.022026839426191578 0.05029761904761905 0.010365571494678389
0 0.3998511904761905 0.022026839426191578 0.04732142857142857 0.010365571494678389
0 0.5796130952380952 0.022026839426191578 0.09375 0.01055067098565479
0 0.5857142857142857 0.011823229986117538 0.007142857142857143 0.0009717723276260991
0 0.4525297619047619 0.011938917167977788 0.014583333333333334 0.0013882461823229986
0 0.4217261904761905 0.011800092549745489 0.008333333333333333 0.001110596945858399
0 0.40714285714285714 0.011800092549745489 0.01488095238095238 0.001110596945858399
0 0.5961309523809524 0.011753817677001389 0.008333333333333333 0.001110596945858399
0 0.5735119047619047 0.011753817677001389 0.011904761904761904 0.001110596945858399
0 0.5647321428571429 0.011753817677001389 0.004464285714285714 0.001110596945858399
0 0.5480654761904762 0.011753817677001389 0.02351190476190476 0.001110596945858399
0 0.4349702380952381 0.011776955113373438 0.013392857142857142 0.0011568718186024988
0 0.4980654761904762 0.011915779731605737 0.06339285714285714 0.0026376677464136976
0 0.053125 0.0037251272559000463 0.003273809523809524 0.0005090236001850995
0 0.13214285714285715 0.003239241092086997 0.005357142857142857 0.00046274872744099955
0 0.7950892857142857 0.0032855159648310967 0.011011904761904763 0.0013882461823229986
0 0.7416666666666667 0.0032855159648310967 0.01488095238095238 0.0013882461823229986
0 0.3431547619047619 0.003146691346598797 0.02857142857142857 0.001110596945858399
0 0.2769345238095238 0.003146691346598797 0.05386904761904762 0.001110596945858399
0 0.21830357142857143 0.0032855159648310967 0.03898809523809524 0.0013882461823229986
0 0.11026785714285714 0.0032855159648310967 0.03125 0.0013882461823229986
0 0.7778273809523809 0.0032623785284590467 0.016964285714285713 0.0014345210550670985
0 0.7553571428571428 0.0031235539102267467 0.007142857142857143 0.0011568718186024988
0 0.16711309523809523 0.0032623785284590467 0.03958333333333333 0.0014345210550670985
0 0.043601190476190474 0.003239241092086997 0.013392857142857142 0.0014807959278111986
0 0.3113095238095238 0.003239241092086997 0.010714285714285714 0.0016658954187875983
0 0.549702380952381 0.003239241092086997 0.34345238095238095 0.003794539565016196
0 0.9211309523809523 0.0032623785284590467 0.09047619047619047 0.004118463674224896
2 0.8436011904761904 0.003239241092086997 0.05267857142857143 0.004072188801480796
